Train Journey

# BITSY VERSION 6.4

! ROOM_FORMAT 1

PAL 0
107,97,217
195,141,1
255,255,255

PAL 1
217,192,53
94,181,48
62,52,208

PAL 2
NAME train
255,205,3
255,150,4
253,172,4

ROOM 0
0,0,0,0,0,0,0,0,0,0,0,0,0,0,0,0
0,0,0,0,0,0,0,0,0,0,0,0,0,0,0,0
0,0,0,0,0,0,0,0,0,0,0,0,0,0,0,0
0,r,s,s,s,s,s,s,s,s,s,s,s,s,s,s
p,q,0,0,0,0,0,0,0,0,0,0,0,0,0,0
o,0,0,0,0,0,0,0,0,0,0,0,0,0,0,0
o,0,0,0,0,0,0,0,0,0,0,0,0,0,0,0
o,0,0,0,0,0,0,0,0,0,0,0,0,0,0,0
o,0,0,0,0,0,0,0,0,0,0,0,0,0,0,0
o,0,0,z,z,z,z,z,z,z,z,z,z,z,z,z
o,t,u,0,0,0,x,v,y,0,0,0,0,k,0,0
n,n,n,n,n,n,n,n,n,n,n,n,n,n,n,n
0,0,0,0,0,0,0,0,0,0,0,0,0,0,0,0
0,0,0,0,0,0,0,0,0,0,0,0,0,0,0,0
0,0,0,0,0,0,0,0,0,0,0,0,0,0,0,0
0,0,0,0,0,0,0,0,0,0,0,0,0,0,0,0
ITM 1 10,10
EXT 13,10 1 3,14
PAL 0

ROOM 1
0,d,d,d,0,0,0,0,0,0,0,0,0,d,d,0
d,0,0,d,0,0,0,0,0,0,0,0,d,d,d,d
0,0,0,0,0,0,0,0,0,0,0,0,0,0,0,0
c,c,c,c,c,c,c,c,c,c,c,c,c,c,c,c
0,0,0,0,0,d,0,0,0,0,d,0,0,0,0,0
0,0,0,0,0,0,d,0,0,0,0,d,0,0,0,0
0,0,0,0,0,0,0,0,0,0,0,d,0,0,0,0
0,0,0,0,0,d,0,0,0,0,0,0,0,0,0,0
0,0,0,0,0,d,0,0,0,0,0,0,d,0,0,0
0,0,0,0,0,0,d,0,0,0,0,d,d,0,0,0
0,0,0,0,0,0,0,0,0,0,0,0,0,0,0,0
0,m,0,0,0,0,d,0,0,0,0,0,0,0,0,d
g,l,h,i,0,d,0,0,0,0,d,0,d,0,d,d
f,j,f,f,0,0,0,0,0,0,0,0,0,d,d,0
e,e,e,k,0,0,0,0,0,0,0,0,d,d,0,d
d,d,d,0,0,0,0,0,0,0,0,0,d,0,d,0
EXT 3,14 0 13,10
END 0 7,3
PAL 1

TIL c
11111111
01000100
01000100
01000100
01000100
11111111
00000000
00000000
NAME traintrack

TIL d
00000000
00000000
00000010
10000100
01001000
00101000
00011000
00011000
>
00000000
00000000
00000000
00100010
01000101
00101000
00011000
00011000
NAME grass
WAL true

TIL e
11111111
11111111
11111111
11111111
11111111
11111111
11111111
11111111
NAME bottom
WAL true

TIL f
11111111
11111111
11111111
11111111
11111111
11111111
11111111
11111111
NAME housemiddle
WAL true

TIL g
00000000
00000000
00000111
00001111
00011111
00111111
01000000
11111111
NAME housetop
WAL true

TIL h
00000000
00000000
11111111
11111111
11111111
11111111
00000000
11111111
WAL true

TIL i
00000000
00000000
11100000
11110000
11111000
11111100
00000010
11111111
NAME houseleft
WAL true

TIL j
11111111
10011001
10011001
11111111
10011001
10011001
10011001
11111111
NAME window
WAL false

TIL k
11111111
10000001
10000001
10000001
10000101
10000001
10000001
11111111
NAME door

TIL l
00111100
00111100
11111111
11111111
11111111
11111111
00000000
11111111
NAME chimneybot
WAL true

TIL m
01111110
00111100
00111100
00111100
00111100
00111100
00111100
00111100
WAL true

TIL n
11111111
11111111
11111111
11111111
11111111
11111111
11111111
11111111
NAME floor
WAL true

TIL o
01111100
01111100
01111100
01111100
01111100
01111100
01111100
01111100
WAL true

TIL p
00000000
00000001
00000011
00000111
00001111
00011111
00111111
01111110
WAL false

TIL q
11111100
11111000
11110000
11100000
11000000
10000000
00000000
00000000
WAL false

TIL r
00000000
00000001
00000011
00000111
00001111
00011111
00111111
01111110
WAL false

TIL s
00000000
11111111
11111111
11111111
11111111
11111111
00000000
00000000
WAL false

TIL t
01000000
01000000
01000000
01111111
01111111
01111111
01000000
00000000
WAL true

TIL u
00000000
00000000
00000000
11100000
11100000
11100000
00100000
00000000
WAL true

TIL v
00000000
00000000
00000000
00000000
11111111
01000010
01000010
01000010

TIL x
00000000
00000000
01000000
01000000
01000000
01111000
01001000
01001000

TIL y
00000000
00000000
00000010
00000010
00000010
00011110
00010010
00010010

TIL z
00000000
00000000
00000000
00000000
00000000
00000000
00000000
00000000
NAME invisiblebar
WAL true

SPR A
00000000
00100100
00011000
00100100
00111100
10011001
00000000
00100100
>
00000000
00000000
00100100
00011000
00100100
10111101
00011000
00100100
POS 0 3,10

SPR a
00000000
00000000
01010001
01110001
01110010
01111100
00111100
00100100
DLG SPR_0

SPR b
01100000
01100000
11111000
11111100
00000010
11111100
01001000
00110000
>
00000000
01100000
01100000
11111000
11111100
00000010
11111100
00110000
NAME train
POS 1 8,2

SPR c
00011110
00010010
01110011
01111111
01000000
11111111
00010010
00001100
>
00000000
00011110
00010010
01110011
01111111
01000000
11111111
00001100
POS 1 7,2

SPR d
00000000
00000000
00000010
10000100
01001000
00101000
00011000
00011000
>
00000000
00000000
00000000
00100010
01000101
00101000
00011000
00011000

SPR e
00100000
01000000
10100000
01010000
10101000
00010100
00100100
00011100
>
01000100
00110100
10001000
01001000
00010000
00100000
00011100
00011100
POS 1 1,10

ITM 0
00000000
00000000
00000000
00111100
01100100
00100100
00011000
00000000
NAME tea
DLG ITM_0

ITM 1
00000000
00111100
01000010
00100100
00011000
00011000
00111000
00000000
NAME key
DLG ITM_1

DLG SPR_0
I'm a cat

DLG ITM_0
You found a nice warm cup of tea

DLG ITM_1
You picked up a train key.

END 0
You're off on your train journey...

VAR a
42

